water2
0,550000,4,
0,680000,0,
1,10000,16,
3,960000,0,
4,200000,8,
4,260000,0,
5,130000,16,
8,230000,0,
11,470000,8,
11,780000,0,
12,590000,4,
13,620000,0,
14,20000,8,
14,70000,0,
14,440000,16,
17,410000,0,
17,690000,4,
17,850000,0,
18,200000,4,
18,300000,0,
19,30000,1,
20,140000,0,
20,340000,8,
20,760000,0,
20,940000,16,
24,80000,0,
26,350000,16,
29,350000,0,
29,690000,4,
29,950000,0,
30,380000,2,
32,10000,0,
32,180000,4,
32,960000,0,
33,140000,8,
33,990000,0,
35,250000,8,
35,280000,0,
35,780000,8,
35,810000,0,
36,210000,8,
36,280000,0,
37,120000,16,
40,240000,0,
40,440000,4,
41,770000,0,
44,800000,8,
46,80000,0,
46,550000,4,
46,780000,0,
47,240000,8,
47,330000,0,
48,20000,1,
48,120000,9,
48,750000,1,
49,770000,0,
49,880000,8,
50,360000,0,
50,460000,16,
53,580000,0,
54,760000,2,
54,790000,6,
55,520000,2,
56,550000,10,
56,600000,8,
56,970000,0,
58,360000,4,
60,160000,0,
60,440000,8,
60,740000,0,
60,950000,16,
63,920000,0,
64,250000,4,
64,300000,6,
64,800000,2,
65,580000,0,
65,700000,8,
65,880000,0,
66,460000,8,
66,510000,0,
66,890000,16,
70,580000,0,
70,660000,4,
70,840000,5,
71,320000,1,
72,50000,0,
72,200000,8,
72,720000,0,
74,660000,16,
77,810000,0,
82,720000,4,
83,10000,0,
83,520000,8,
83,540000,10,
83,920000,2,
84,500000,6,
84,520000,4,
85,680000,2,
86,310000,10,
86,340000,8,
88,320000,0,
88,690000,8,
0,0,-1
