demo11
0,550000,4,
0,880000,5,
2,570000,4,
2,620000,0,
3,200000,8,
3,630000,9,
5,30000,8,
5,60000,0,
5,440000,16,
8,580000,0,
8,780000,4,
9,10000,0,
9,190000,16,
12,200000,0,
15,250000,8,
15,660000,24,
15,680000,16,
18,750000,0,
18,820000,4,
21,30000,0,
21,210000,8,
21,910000,9,
23,200000,8,
23,230000,0,
23,450000,4,
24,380000,0,
24,560000,16,
27,930000,0,
28,430000,4,
28,490000,5,
29,720000,1,
29,750000,9,
34,270000,8,
35,750000,0,
42,780000,4,
44,440000,0,
45,930000,8,
46,200000,0,
48,470000,1,
48,620000,0,
49,120000,8,
49,550000,0,
49,650000,16,
52,610000,0,
53,350000,16,
56,420000,0,
57,520000,4,
58,70000,0,
61,100000,1,
61,220000,0,
61,700000,8,
62,20000,0,
62,230000,16,
65,500000,0,
66,380000,16,
69,500000,0,
71,490000,2,
71,610000,0,
72,220000,2,
72,340000,0,
73,50000,8,
74,390000,0,
74,640000,4,
76,160000,0,
77,370000,1,
77,450000,0,
0,0,-1
