demo10x
0,450000,8,
1,790000,0,
2,540000,8,
4,20000,0,
4,180000,1,
6,340000,0,
6,590000,4,
8,70000,0,
8,800000,4,
9,430000,0,
9,780000,8,
10,140000,0,
10,570000,4,
11,150000,0,
11,520000,4,
11,800000,0,
12,500000,8,
13,910000,0,
15,720000,8,
16,650000,0,
16,680000,4,
20,880000,0,
20,910000,8,
22,470000,0,
23,300000,1,
23,770000,0,
23,970000,2,
24,500000,0,
25,660000,4,
25,760000,0,
26,270000,4,
26,670000,0,
27,70000,4,
27,730000,0,
28,530000,8,
28,660000,0,
28,930000,8,
29,30000,0,
31,420000,8,
32,60000,0,
32,230000,4,
32,710000,0,
33,0,4,
33,200000,8,
35,750000,9,
35,800000,1,
36,500000,5,
36,530000,4,
37,160000,8,
37,760000,1,
40,310000,5,
40,350000,4,
40,880000,0,
40,980000,8,
41,110000,0,
41,290000,16,
41,460000,0,
42,690000,4,
42,820000,0,
43,520000,4,
43,720000,0,
44,780000,4,
46,570000,0,
48,100000,4,
48,410000,0,
48,880000,4,
49,270000,0,
49,570000,16,
49,740000,0,
49,890000,4,
50,50000,0,
50,140000,8,
50,870000,0,
51,0,4,
51,830000,0,
51,860000,16,
53,260000,0,
53,290000,8,
53,770000,0,
54,20000,8,
54,190000,0,
54,480000,8,
54,560000,0,
54,910000,8,
55,320000,0,
0,0,-1
