jungle6
1,870000,4,
2,360000,0,
3,290000,8,
3,370000,0,
4,660000,8,
5,110000,0,
5,440000,4,
5,540000,0,
5,860000,16,
8,780000,0,
11,770000,16,
14,770000,0,
15,820000,8,
16,830000,0,
17,80000,2,
17,960000,4,
19,200000,0,
19,230000,8,
22,0,0,
22,240000,4,
23,480000,0,
23,860000,8,
24,130000,0,
24,940000,32,
25,60000,0,
26,650000,8,
28,30000,0,
28,190000,4,
30,480000,0,
30,780000,8,
31,810000,0,
31,960000,4,
32,60000,0,
32,180000,8,
32,480000,0,
32,640000,4,
32,770000,0,
33,750000,4,
36,660000,0,
36,890000,8,
37,270000,0,
38,200000,1,
39,880000,0,
40,140000,8,
40,970000,0,
41,620000,8,
42,40000,0,
42,570000,32,
42,730000,0,
44,110000,8,
45,400000,0,
46,130000,4,
46,700000,0,
46,830000,2,
47,590000,0,
47,610000,4,
48,690000,0,
48,740000,8,
50,860000,0,
51,890000,4,
52,290000,0,
53,0,2,
54,580000,0,
54,780000,4,
58,310000,0,
58,360000,1,
60,40000,8,
61,780000,0,
61,900000,4,
62,880000,0,
62,950000,1,
63,670000,0,
63,690000,8,
65,820000,0,
65,870000,1,
66,680000,5,
66,700000,4,
68,320000,0,
68,340000,1,
69,250000,9,
69,270000,8,
69,530000,0,
69,670000,4,
70,890000,0,
71,730000,4,
72,40000,0,
72,210000,8,
72,400000,0,
72,720000,32,
72,890000,0,
75,740000,8,
78,840000,0,
82,210000,8,
83,290000,0,
0,0,-1
