demo11x
1,580000,4,
3,660000,0,
4,30000,1,
4,840000,0,
4,910000,8,
4,990000,0,
5,270000,16,
8,160000,0,
13,980000,16,
17,0,0,
17,570000,16,
20,870000,0,
21,70000,16,
24,90000,8,
24,800000,9,
26,850000,1,
27,80000,5,
28,370000,1,
28,440000,9,
29,770000,1,
30,680000,0,
30,710000,8,
31,240000,0,
31,570000,8,
31,640000,0,
32,750000,8,
34,530000,0,
35,960000,4,
37,370000,0,
38,10000,4,
39,720000,8,
43,420000,0,
44,820000,8,
45,480000,0,
45,580000,4,
47,940000,0,
49,110000,4,
49,450000,0,
50,140000,4,
50,790000,0,
50,870000,8,
52,550000,0,
53,60000,8,
54,190000,0,
54,430000,4,
55,170000,0,
55,390000,4,
56,270000,0,
58,50000,4,
60,880000,0,
61,10000,8,
61,930000,0,
62,160000,4,
63,220000,0,
63,420000,8,
64,690000,0,
64,950000,4,
66,620000,0,
66,740000,8,
70,760000,0,
70,990000,4,
71,350000,0,
71,420000,8,
73,490000,0,
74,240000,4,
76,470000,0,
77,100000,4,
77,380000,0,
78,110000,4,
78,470000,0,
78,740000,4,
79,200000,0,
79,250000,1,
80,100000,5,
81,380000,1,
81,760000,9,
82,920000,1,
82,940000,5,
84,30000,1,
84,160000,9,
87,130000,8,
88,840000,0,
89,240000,8,
90,120000,0,
90,550000,4,
92,330000,0,
94,20000,8,
94,90000,0,
95,170000,8,
95,310000,0,
95,650000,1,
95,710000,0,
96,140000,8,
96,410000,0,
96,490000,16,
98,40000,0,
98,170000,4,
98,530000,0,
98,780000,8,
98,830000,0,
102,70000,1,
102,150000,0,
102,620000,8,
102,800000,0,
103,50000,16,
104,610000,0,
107,180000,16,
110,280000,0,
111,480000,4,
111,740000,0,
112,30000,2,
112,190000,0,
112,770000,2,
112,870000,0,
113,200000,8,
114,370000,0,
114,400000,4,
115,540000,0,
115,610000,1,
115,740000,0,
116,160000,8,
116,510000,0,
116,660000,16,
119,540000,0,
119,580000,4,
119,960000,0,
120,160000,2,
120,290000,0,
120,610000,4,
121,170000,0,
0,0,-1
