water3
1,860000,4,
1,950000,0,
5,520000,8,
5,600000,0,
6,630000,4,
6,690000,0,
10,840000,4,
12,980000,0,
13,330000,2,
14,430000,10,
14,560000,2,
19,290000,6,
19,460000,2,
20,170000,10,
20,350000,2,
24,450000,0,
25,220000,4,
25,700000,0,
27,700000,4,
28,400000,0,
28,970000,8,
29,700000,0,
29,830000,4,
29,990000,0,
30,90000,16,
32,500000,0,
33,350000,8,
34,410000,0,
35,140000,4,
35,200000,0,
35,630000,16,
38,640000,0,
38,760000,4,
39,70000,0,
39,700000,8,
40,850000,0,
41,120000,4,
41,200000,0,
41,430000,16,
44,310000,0,
44,410000,4,
44,650000,0,
45,950000,4,
46,50000,0,
46,510000,4,
46,580000,0,
46,980000,8,
47,140000,0,
51,340000,4,
51,420000,0,
51,710000,16,
54,640000,0,
54,710000,4,
54,810000,0,
55,260000,4,
55,320000,0,
57,430000,4,
61,290000,0,
62,160000,8,
62,910000,10,
68,20000,8,
68,40000,0,
74,630000,8,
74,860000,0,
76,40000,4,
76,120000,0,
84,680000,4,
85,260000,0,
86,440000,8,
86,740000,0,
0,0,-1
