demo00x
0,200000,4,
0,690000,5,
2,490000,4,
2,530000,0,
2,690000,32,
2,910000,0,
3,820000,4,
4,800000,8,
6,930000,0,
7,660000,16,
10,890000,0,
13,830000,16,
16,780000,0,
17,230000,8,
17,380000,0,
17,420000,32,
17,600000,0,
18,280000,4,
20,590000,5,
20,620000,1,
21,410000,8,
23,640000,0,
24,120000,8,
25,600000,0,
25,790000,4,
26,670000,0,
26,790000,16,
29,690000,0,
29,880000,8,
30,170000,0,
30,810000,4,
30,940000,0,
31,300000,32,
31,440000,0,
31,950000,8,
32,50000,0,
32,120000,32,
32,280000,0,
32,850000,8,
32,950000,0,
33,280000,32,
33,580000,0,
34,90000,32,
34,420000,0,
35,90000,8,
36,600000,0,
36,700000,4,
37,780000,5,
37,810000,1,
37,840000,0,
38,170000,8,
38,520000,32,
38,770000,0,
39,70000,8,
40,410000,0,
40,450000,1,
41,230000,4,
43,320000,0,
44,50000,4,
45,130000,0,
45,820000,4,
48,200000,5,
48,260000,1,
48,980000,0,
49,110000,8,
49,540000,0,
49,890000,4,
50,520000,0,
50,620000,8,
52,430000,1,
53,490000,4,
53,960000,0,
55,430000,4,
56,480000,0,
56,830000,8,
57,220000,0,
57,490000,8,
58,150000,0,
59,500000,32,
59,750000,0,
60,250000,8,
60,690000,0,
61,270000,8,
61,310000,0,
61,560000,8,
62,150000,0,
63,220000,8,
63,750000,0,
64,0,4,
65,950000,0,
66,190000,8,
67,30000,0,
67,270000,4,
67,500000,0,
67,660000,2,
68,410000,0,
68,530000,8,
71,610000,9,
74,370000,8,
74,400000,0,
74,500000,4,
76,920000,0,
77,360000,4,
78,70000,8,
78,570000,0,
78,680000,4,
79,410000,0,
79,830000,8,
80,60000,0,
80,530000,4,
80,810000,0,
81,340000,32,
81,520000,0,
82,250000,4,
82,670000,0,
82,730000,8,
83,760000,0,
83,890000,32,
84,140000,0,
84,530000,8,
86,830000,0,
86,930000,1,
87,790000,0,
88,10000,4,
90,80000,0,
91,10000,4,
93,980000,0,
94,70000,1,
95,10000,0,
95,110000,8,
96,740000,0,
97,520000,8,
98,180000,0,
98,710000,8,
100,140000,0,
100,650000,2,
103,310000,0,
103,340000,4,
104,840000,0,
105,20000,8,
105,750000,0,
105,980000,8,
106,80000,0,
106,200000,8,
106,310000,0,
106,500000,8,
106,590000,0,
106,810000,8,
106,910000,0,
107,80000,8,
107,180000,0,
107,380000,8,
107,490000,0,
107,660000,8,
107,720000,0,
108,140000,8,
108,290000,0,
109,550000,1,
110,330000,0,
110,560000,8,
111,920000,0,
112,0,4,
113,960000,0,
114,490000,8,
115,110000,0,
115,270000,4,
115,750000,0,
115,820000,8,
116,140000,0,
116,720000,8,
116,980000,0,
117,400000,8,
117,480000,0,
118,260000,8,
118,480000,10,
121,50000,8,
121,80000,0,
121,250000,4,
122,970000,0,
123,310000,1,
124,20000,0,
124,320000,4,
124,500000,0,
124,800000,4,
125,740000,0,
125,990000,8,
126,110000,0,
127,240000,8,
127,690000,0,
127,920000,16,
128,280000,0,
129,650000,4,
130,760000,0,
131,60000,8,
131,170000,0,
131,500000,16,
131,600000,0,
132,900000,1,
133,660000,0,
133,990000,8,
134,440000,0,
134,710000,16,
134,820000,0,
135,700000,4,
136,80000,0,
136,610000,1,
137,310000,0,
137,740000,1,
137,840000,0,
138,110000,8,
139,100000,0,
139,240000,16,
139,320000,0,
140,550000,8,
141,10000,0,
142,40000,4,
142,370000,0,
142,570000,8,
142,670000,0,
142,920000,16,
143,20000,0,
144,30000,8,
144,400000,0,
145,410000,4,
146,690000,0,
147,120000,8,
149,140000,0,
153,790000,4,
0,0,-1
