egypt5
0,0,0,
0,150000,4,
1,440000,0,
2,120000,4,
2,900000,0,
3,670000,4,
4,380000,0,
4,580000,1,
5,490000,0,
5,640000,8,
6,690000,0,
6,770000,1,
7,650000,0,
7,700000,8,
8,20000,0,
8,50000,16,
11,150000,0,
17,590000,8,
18,110000,0,
19,250000,4,
20,120000,0,
20,400000,4,
21,740000,5,
22,160000,1,
22,850000,0,
22,890000,8,
23,520000,9,
25,590000,8,
25,690000,0,
25,920000,16,
27,800000,0,
28,910000,16,
29,970000,0,
30,40000,16,
31,980000,0,
32,100000,4,
32,580000,0,
33,110000,4,
33,640000,0,
34,640000,4,
35,0,0,
35,170000,8,
35,300000,0,
35,400000,16,
38,170000,0,
38,200000,4,
38,600000,0,
38,640000,2,
40,80000,8,
41,410000,0,
41,560000,4,
41,660000,0,
41,690000,16,
44,610000,8,
46,200000,0,
46,300000,8,
46,640000,1,
47,580000,0,
47,930000,2,
48,810000,0,
48,880000,4,
50,20000,6,
50,770000,4,
51,530000,0,
52,10000,8,
54,470000,9,
54,500000,1,
56,60000,0,
56,230000,4,
56,390000,0,
56,430000,4,
56,660000,0,
57,60000,4,
57,90000,0,
57,320000,4,
61,220000,0,
0,0,-1
