egypt5
0,300000,4,
1,430000,0,
2,470000,4,
3,790000,0,
3,870000,1,
4,810000,0,
4,850000,8,
5,880000,0,
5,930000,1,
6,820000,0,
6,970000,8,
7,400000,0,
7,450000,16,
10,440000,0,
10,570000,4,
10,710000,0,
10,920000,16,
14,210000,0,
15,70000,8,
15,170000,0,
19,50000,4,
19,180000,0,
19,350000,16,
22,390000,0,
22,440000,8,
22,660000,0,
22,770000,16,
25,910000,0,
26,390000,8,
28,330000,0,
29,370000,4,
31,400000,0,
31,470000,8,
32,380000,0,
32,650000,4,
32,780000,0,
32,840000,8,
33,410000,1,
34,770000,5,
34,840000,4,
36,530000,0,
36,610000,8,
36,730000,0,
36,760000,16,
39,800000,0,
40,960000,16,
0,0,-1
