demo20
1,60000,8,
1,160000,0,
4,120000,16,
7,340000,0,
14,20000,16,
17,160000,0,
17,920000,16,
20,690000,0,
20,730000,8,
26,700000,9,
26,730000,1,
27,760000,5,
27,780000,4,
27,960000,0,
28,240000,4,
28,330000,0,
28,590000,16,
31,650000,0,
34,320000,8,
36,340000,0,
36,480000,4,
38,240000,0,
39,400000,8,
43,230000,9,
43,300000,1,
44,110000,0,
44,390000,1,
45,20000,0,
45,70000,8,
48,990000,0,
49,250000,4,
49,340000,0,
49,570000,16,
49,640000,0,
49,850000,16,
50,0,0,
50,860000,1,
52,330000,0,
52,460000,4,
52,540000,0,
52,710000,16,
55,640000,0,
55,680000,2,
56,340000,0,
56,560000,4,
56,660000,0,
56,920000,16,
59,830000,0,
59,840000,2,
60,490000,0,
60,570000,4,
60,700000,0,
60,820000,16,
63,710000,0,
63,760000,8,
64,340000,0,
65,700000,8,
65,930000,0,
66,460000,4,
66,930000,0,
66,980000,1,
68,570000,0,
69,140000,4,
71,570000,0,
72,700000,8,
73,780000,0,
73,820000,4,
76,420000,1,
77,150000,5,
77,190000,4,
77,700000,0,
77,750000,1,
79,330000,4,
79,510000,0,
80,70000,4,
80,140000,0,
81,40000,4,
81,100000,0,
83,590000,8,
83,960000,0,
84,250000,4,
84,340000,0,
86,960000,4,
87,810000,0,
90,140000,8,
90,490000,0,
90,560000,8,
94,970000,0,
95,60000,1,
96,20000,0,
96,50000,4,
96,320000,0,
96,880000,8,
97,270000,0,
97,400000,4,
97,550000,0,
97,800000,16,
98,680000,8,
99,260000,0,
0,0,-1
