ljungl9
1,470000,8,
4,0,0,
4,730000,4,
6,490000,0,
6,700000,8,
7,180000,0,
7,560000,4,
7,850000,0,
8,60000,8,
9,750000,0,
9,800000,4,
10,450000,0,
10,630000,8,
10,880000,10,
11,980000,2,
13,10000,0,
13,120000,4,
16,0,0,
16,160000,8,
16,850000,0,
17,320000,4,
17,700000,0,
18,380000,1,
21,690000,0,
21,950000,4,
22,500000,0,
22,810000,4,
23,10000,0,
23,180000,16,
25,250000,0,
25,520000,8,
26,30000,0,
26,250000,4,
26,430000,0,
26,850000,16,
29,840000,0,
30,130000,4,
30,650000,0,
31,680000,4,
34,850000,0,
35,100000,8,
36,190000,0,
36,900000,4,
37,620000,0,
37,900000,8,
38,700000,0,
41,700000,8,
42,180000,0,
42,990000,8,
43,380000,0,
43,960000,4,
44,490000,0,
44,770000,4,
45,600000,0,
45,630000,8,
46,130000,0,
46,250000,4,
46,980000,0,
47,30000,1,
47,260000,17,
47,440000,1,
48,550000,0,
48,850000,8,
49,480000,0,
49,750000,4,
50,430000,0,
50,810000,2,
51,790000,0,
51,820000,8,
52,170000,0,
52,260000,16,
55,220000,0,
57,860000,16,
60,880000,0,
60,970000,8,
62,200000,0,
62,300000,4,
63,170000,0,
63,460000,8,
63,720000,0,
63,820000,4,
64,870000,0,
64,930000,2,
65,100000,18,
65,270000,2,
66,260000,0,
66,340000,8,
68,290000,0,
68,390000,4,
68,930000,0,
68,950000,8,
71,370000,10,
72,320000,2,
72,340000,0,
72,750000,5,
73,160000,1,
75,40000,0,
75,170000,4,
77,510000,0,
78,260000,8,
78,360000,0,
78,580000,16,
81,550000,0,
82,970000,16,
86,40000,0,
87,400000,8,
89,490000,10,
90,220000,2,
90,330000,6,
91,440000,4,
91,470000,0,
91,970000,4,
93,180000,0,
93,240000,8,
95,100000,0,
95,320000,4,
96,600000,0,
97,610000,4,
98,470000,0,
98,820000,4,
98,870000,0,
99,670000,1,
100,0,0,
100,60000,1,
100,210000,0,
101,190000,2,
102,10000,0,
102,300000,2,
102,470000,0,
103,280000,1,
104,30000,0,
104,530000,2,
104,980000,0,
105,240000,2,
105,470000,0,
105,760000,2,
105,820000,0,
106,420000,4,
107,780000,0,
108,590000,8,
109,370000,0,
109,510000,4,
110,720000,0,
110,800000,1,
111,20000,17,
111,180000,1,
112,260000,0,
115,530000,2,
116,360000,0,
116,590000,8,
116,640000,0,
117,320000,16,
120,390000,0,
121,750000,4,
121,940000,0,
122,20000,8,
122,900000,16,
124,340000,20,
124,510000,4,
125,620000,0,
126,530000,8,
126,600000,0,
126,750000,16,
129,700000,0,
129,750000,8,
129,890000,0,
130,850000,8,
132,870000,0,
134,700000,1,
135,400000,0,
135,610000,1,
135,690000,0,
135,890000,4,
137,420000,0,
137,450000,16,
140,0,0,
141,50000,4,
141,490000,0,
142,270000,4,
142,680000,0,
143,460000,8,
148,800000,0,
149,730000,4,
0,0,-1
