demo10
0,730000,8,
4,490000,0,
5,470000,4,
5,660000,0,
6,740000,1,
7,950000,5,
8,0,4,
9,30000,0,
9,320000,8,
9,420000,0,
9,710000,16,
12,690000,0,
12,760000,1,
13,520000,0,
13,640000,8,
13,740000,0,
13,970000,16,
16,860000,0,
18,700000,16,
21,770000,0,
21,870000,4,
24,180000,0,
24,630000,8,
28,410000,0,
29,310000,4,
29,490000,5,
29,690000,1,
29,740000,5,
29,790000,1,
31,760000,5,
31,980000,4,
36,760000,0,
37,100000,16,
37,190000,0,
38,600000,16,
41,670000,0,
41,770000,4,
43,560000,0,
43,790000,1,
43,890000,0,
45,770000,8,
47,10000,0,
60,940000,4,
62,940000,0,
64,90000,8,
64,470000,0,
65,630000,1,
66,440000,0,
66,460000,8,
66,580000,0,
66,780000,16,
67,50000,0,
68,370000,16,
71,410000,0,
73,760000,8,
75,110000,0,
75,720000,4,
77,810000,0,
78,540000,2,
78,640000,0,
80,170000,8,
0,0,-1
