egypt1
1,530000,8,
1,590000,0,
2,810000,4,
2,890000,0,
3,270000,8,
3,300000,0,
7,740000,8,
7,890000,0,
8,330000,4,
8,650000,0,
8,930000,8,
9,30000,0,
9,910000,8,
9,990000,0,
16,750000,8,
17,260000,0,
17,940000,16,
21,440000,0,
22,70000,16,
25,590000,0,
26,740000,8,
27,240000,0,
29,440000,8,
30,60000,0,
31,70000,16,
34,140000,0,
34,950000,16,
38,140000,0,
38,270000,8,
38,300000,9,
39,420000,1,
40,100000,0,
40,960000,4,
41,710000,0,
43,290000,8,
43,820000,0,
50,520000,8,
51,70000,0,
51,960000,16,
54,70000,0,
54,400000,16,
55,500000,0,
56,660000,16,
59,780000,0,
59,810000,8,
60,610000,0,
60,770000,4,
61,800000,0,
61,840000,8,
62,700000,10,
62,960000,2,
63,630000,4,
65,90000,0,
65,700000,4,
68,320000,0,
68,490000,8,
69,490000,0,
69,630000,4,
70,120000,5,
70,530000,1,
71,190000,0,
71,780000,4,
71,980000,0,
72,560000,8,
72,790000,0,
73,340000,4,
73,390000,0,
73,730000,2,
73,830000,0,
74,120000,1,
74,250000,0,
74,530000,4,
74,630000,0,
75,810000,4,
76,210000,0,
76,260000,16,
79,210000,0,
79,260000,8,
79,910000,0,
81,570000,4,
82,330000,20,
82,350000,16,
85,430000,0,
86,430000,4,
87,360000,0,
87,990000,4,
88,250000,0,
88,350000,8,
90,280000,0,
90,790000,4,
90,830000,5,
92,370000,1,
92,440000,0,
92,950000,1,
93,320000,0,
93,680000,4,
94,30000,0,
94,380000,1,
96,240000,0,
96,830000,1,
96,930000,0,
97,280000,1,
97,350000,0,
97,980000,2,
98,630000,0,
99,40000,1,
99,420000,0,
99,890000,1,
99,990000,0,
104,550000,1,
105,350000,0,
105,400000,8,
105,930000,0,
106,160000,4,
106,230000,0,
106,310000,16,
108,270000,0,
109,410000,8,
109,900000,0,
112,230000,4,
112,300000,5,
114,720000,1,
116,270000,0,
116,650000,4,
117,330000,0,
118,80000,8,
118,160000,0,
119,420000,16,
122,390000,0,
122,540000,4,
123,150000,0,
124,760000,8,
127,270000,0,
127,780000,4,
128,650000,0,
129,290000,1,
130,340000,0,
130,750000,4,
130,820000,0,
132,120000,4,
132,530000,0,
132,660000,1,
135,470000,0,
135,650000,4,
136,100000,0,
136,200000,16,
139,200000,0,
141,380000,4,
142,300000,0,
143,270000,8,
145,590000,9,
145,610000,1,
146,370000,5,
146,390000,4,
147,280000,0,
0,0,-1
