water3
1,610000,8,
1,670000,0,
3,490000,4,
3,580000,0,
4,710000,8,
4,770000,0,
5,470000,4,
6,380000,0,
7,160000,8,
7,290000,0,
9,190000,4,
10,750000,0,
11,380000,2,
13,0,10,
13,150000,2,
19,820000,0,
20,750000,8,
21,300000,0,
21,860000,4,
22,660000,0,
25,170000,4,
26,200000,0,
26,410000,16,
29,480000,0,
30,230000,4,
30,560000,0,
31,660000,8,
32,160000,0,
32,690000,4,
32,900000,0,
33,510000,16,
36,450000,0,
36,880000,4,
37,220000,0,
37,800000,8,
39,80000,0,
40,990000,4,
41,70000,0,
45,510000,4,
48,880000,0,
49,380000,2,
49,650000,10,
49,880000,2,
53,160000,0,
54,180000,4,
54,240000,0,
54,540000,8,
54,690000,0,
57,130000,8,
57,790000,0,
58,40000,4,
60,0,0,
60,30000,8,
62,10000,0,
62,420000,8,
62,490000,0,
63,540000,4,
63,620000,0,
64,520000,8,
64,570000,0,
64,920000,4,
65,0,0,
67,520000,4,
70,870000,0,
71,170000,8,
71,500000,0,
72,450000,8,
73,680000,0,
74,20000,4,
75,600000,0,
0,0,-1
