demo01
0,360000,4,
1,220000,0,
1,590000,4,
5,160000,0,
5,260000,1,
5,950000,0,
6,50000,8,
6,820000,0,
6,930000,16,
9,970000,0,
10,490000,16,
13,540000,0,
13,890000,16,
16,940000,0,
20,40000,4,
20,180000,0,
20,720000,16,
23,690000,0,
24,510000,8,
24,610000,0,
28,520000,4,
28,610000,0,
32,160000,8,
32,220000,0,
35,230000,8,
35,540000,0,
36,410000,4,
36,600000,0,
36,790000,16,
39,740000,0,
40,470000,16,
43,620000,0,
44,10000,4,
44,900000,0,
45,220000,1,
46,490000,0,
46,990000,8,
47,740000,0,
47,950000,16,
51,110000,0,
51,990000,4,
52,730000,0,
52,770000,2,
54,60000,0,
54,80000,8,
55,190000,0,
55,650000,4,
55,720000,0,
55,940000,16,
58,830000,1,
60,320000,0,
60,350000,4,
60,830000,0,
60,950000,16,
64,200000,0,
65,940000,8,
70,440000,0,
70,970000,8,
71,490000,0,
71,570000,1,
72,760000,5,
72,830000,4,
73,230000,0,
73,710000,8,
74,370000,0,
74,560000,4,
0,0,-1
