cave15
0,440000,4,
3,100000,0,
3,260000,1,
4,460000,0,
4,640000,4,
4,940000,0,
5,700000,4,
7,660000,0,
8,550000,8,
8,820000,0,
8,940000,4,
9,190000,0,
9,240000,2,
10,180000,0,
10,200000,4,
15,690000,0,
15,870000,4,
15,990000,0,
16,110000,2,
17,40000,10,
17,50000,8,
25,930000,0,
26,130000,16,
29,80000,0,
29,150000,4,
29,930000,0,
30,150000,16,
33,130000,0,
33,400000,8,
34,0,0,
38,60000,4,
39,20000,0,
39,60000,16,
39,990000,0,
42,160000,16,
44,350000,0,
44,570000,16,
47,700000,0,
51,290000,8,
51,870000,0,
52,730000,8,
53,460000,0,
54,40000,16,
57,10000,0,
57,150000,4,
58,550000,0,
58,640000,16,
61,990000,0,
62,120000,4,
62,420000,0,
62,490000,8,
62,920000,0,
63,70000,4,
63,170000,0,
63,350000,8,
64,450000,0,
0,0,-1
