water5
0,0,0,
0,220000,8,
1,930000,0,
2,50000,16,
3,60000,0,
3,390000,4,
4,20000,0,
4,950000,8,
5,220000,0,
5,600000,16,
8,650000,0,
10,460000,4,
11,390000,0,
12,900000,8,
14,210000,0,
14,340000,16,
17,430000,0,
17,530000,8,
19,70000,10,
21,410000,0,
22,10000,4,
22,590000,0,
23,390000,4,
23,450000,0,
24,480000,8,
24,550000,0,
25,0,16,
27,900000,0,
28,550000,8,
29,80000,0,
32,400000,8,
32,500000,0,
33,0,8,
33,200000,0,
33,380000,2,
34,110000,0,
34,370000,4,
35,120000,0,
35,550000,4,
38,160000,5,
38,190000,1,
39,200000,0,
39,570000,4,
39,630000,0,
40,460000,4,
41,0,0,
41,140000,4,
41,710000,0,
41,940000,8,
42,190000,0,
42,500000,16,
44,250000,0,
46,570000,4,
47,190000,0,
50,240000,8,
50,870000,0,
51,180000,8,
51,250000,0,
51,520000,16,
53,410000,0,
53,490000,1,
54,700000,0,
54,920000,2,
56,350000,8,
56,440000,0,
56,780000,16,
58,320000,17,
58,370000,1,
59,80000,9,
59,100000,8,
59,370000,0,
59,810000,16,
62,920000,0,
64,510000,8,
65,670000,0,
65,710000,1,
67,30000,0,
67,170000,4,
68,280000,0,
70,420000,8,
71,150000,0,
73,60000,8,
74,150000,0,
75,280000,8,
77,470000,9,
77,620000,1,
78,880000,0,
78,910000,4,
79,310000,1,
79,640000,5,
79,990000,1,
81,670000,0,
81,940000,8,
82,40000,0,
82,330000,16,
85,390000,0,
86,570000,8,
87,500000,0,
88,840000,4,
89,440000,0,
91,60000,4,
91,160000,0,
92,40000,8,
92,510000,0,
92,690000,4,
92,890000,0,
93,170000,4,
93,420000,0,
93,530000,2,
94,930000,10,
94,960000,8,
95,820000,0,
0,0,-1
