ljungl3
3,690000,8,
4,880000,0,
7,520000,8,
8,880000,0,
9,410000,16,
11,740000,0,
11,850000,16,
12,20000,0,
13,220000,4,
14,970000,0,
15,670000,8,
15,740000,0,
16,290000,16,
19,310000,0,
22,890000,2,
22,910000,6,
23,740000,2,
23,750000,0,
25,20000,2,
25,220000,0,
25,680000,8,
25,840000,0,
26,560000,8,
26,790000,0,
27,220000,8,
27,320000,0,
28,200000,8,
28,270000,0,
28,530000,8,
28,650000,0,
28,920000,8,
29,30000,0,
29,200000,4,
30,360000,0,
31,250000,4,
31,900000,0,
32,180000,8,
32,250000,0,
32,810000,16,
32,910000,0,
34,760000,16,
37,830000,0,
39,10000,8,
39,20000,10,
42,140000,2,
43,550000,0,
43,880000,8,
44,260000,0,
44,460000,8,
44,930000,0,
45,790000,8,
46,310000,0,
46,650000,4,
47,280000,0,
48,30000,8,
49,160000,10,
50,40000,8,
50,70000,0,
51,350000,1,
51,370000,5,
52,750000,1,
54,440000,0,
54,850000,1,
56,10000,0,
56,830000,4,
57,570000,0,
57,910000,16,
58,10000,0,
61,670000,8,
62,240000,0,
63,680000,4,
64,310000,0,
66,370000,16,
69,310000,0,
70,450000,4,
71,910000,0,
73,800000,8,
74,590000,0,
74,930000,8,
75,0,0,
75,650000,1,
77,60000,0,
77,110000,4,
77,750000,0,
77,850000,8,
78,240000,0,
79,250000,4,
0,0,-1
