demo00x
0,70000,4,
0,760000,1,
1,570000,0,
1,670000,4,
1,870000,0,
1,900000,32,
2,100000,0,
2,620000,4,
3,70000,0,
3,130000,4,
4,330000,8,
5,800000,0,
6,40000,8,
6,340000,2,
6,430000,0,
6,650000,2,
7,220000,8,
7,300000,0,
7,430000,2,
7,630000,0,
7,760000,1,
8,60000,0,
8,190000,2,
9,10000,10,
9,40000,8,
9,590000,0,
9,620000,4,
11,510000,12,
11,550000,8,
11,960000,32,
12,160000,0,
12,190000,4,
13,200000,0,
13,340000,8,
13,470000,0,
13,500000,1,
14,810000,9,
14,850000,8,
15,260000,0,
15,500000,8,
15,880000,10,
15,910000,2,
16,270000,0,
16,340000,8,
16,410000,0,
16,590000,1,
16,890000,9,
16,920000,8,
17,700000,10,
17,770000,2,
18,480000,10,
18,520000,8,
20,10000,9,
20,110000,1,
20,740000,9,
20,840000,8,
22,100000,4,
22,710000,0,
22,980000,32,
23,240000,0,
23,460000,4,
23,860000,0,
23,990000,8,
24,510000,0,
24,540000,32,
24,710000,0,
25,90000,4,
25,950000,0,
25,980000,8,
26,500000,0,
27,110000,4,
27,430000,0,
28,110000,8,
28,260000,0,
28,290000,32,
28,460000,0,
28,840000,4,
29,800000,0,
30,350000,4,
31,30000,32,
31,210000,0,
31,510000,4,
33,770000,5,
33,860000,1,
34,480000,9,
34,510000,8,
35,740000,4,
36,290000,0,
36,520000,8,
36,750000,0,
37,960000,32,
38,130000,0,
38,830000,8,
40,90000,0,
40,830000,8,
41,610000,4,
42,50000,0,
42,230000,8,
42,910000,12,
42,940000,8,
43,10000,0,
43,40000,2,
43,80000,6,
43,210000,4,
43,660000,0,
43,760000,8,
43,990000,32,
44,190000,0,
44,350000,8,
44,890000,1,
45,610000,9,
45,650000,8,
47,240000,10,
47,270000,2,
49,850000,6,
49,880000,4,
52,40000,36,
52,90000,32,
52,240000,0,
52,370000,4,
55,60000,5,
55,120000,1,
57,650000,9,
57,710000,8,
58,970000,0,
59,240000,4,
60,380000,0,
60,680000,4,
60,920000,6,
60,950000,2,
61,600000,10,
61,650000,8,
63,500000,32,
63,740000,0,
64,30000,4,
65,250000,0,
65,360000,8,
66,110000,0,
66,240000,4,
66,810000,5,
66,890000,1,
67,640000,8,
68,300000,4,
69,80000,0,
69,180000,8,
69,580000,0,
69,780000,4,
70,90000,0,
70,290000,8,
70,710000,0,
71,590000,32,
71,800000,0,
71,940000,4,
72,650000,0,
72,750000,8,
74,60000,0,
74,190000,8,
74,770000,0,
75,290000,8,
76,120000,4,
76,850000,8,
77,200000,0,
77,290000,32,
77,540000,0,
77,810000,8,
78,940000,0,
78,970000,4,
81,230000,12,
81,290000,8,
82,520000,0,
82,720000,8,
82,890000,0,
84,580000,4,
85,240000,8,
85,340000,0,
85,460000,4,
85,920000,5,
85,960000,1,
86,610000,4,
88,450000,8,
90,60000,0,
90,190000,4,
91,150000,0,
91,180000,8,
94,890000,10,
94,920000,2,
95,660000,0,
95,700000,4,
96,160000,0,
96,380000,4,
96,450000,16,
96,580000,0,
96,840000,8,
97,560000,0,
97,660000,4,
98,140000,5,
98,170000,1,
98,750000,0,
98,850000,2,
100,30000,0,
100,100000,4,
100,460000,0,
100,630000,16,
100,760000,0,
100,930000,8,
101,260000,0,
101,360000,8,
101,490000,0,
101,560000,2,
102,820000,6,
102,920000,4,
103,510000,0,
103,780000,8,
104,490000,1,
107,360000,0,
107,410000,4,
108,40000,0,
108,110000,16,
108,310000,0,
108,920000,8,
109,410000,0,
110,90000,8,
110,300000,0,
110,330000,2,
110,580000,6,
110,820000,2,
111,210000,0,
111,230000,4,
111,360000,0,
111,550000,1,
111,830000,0,
111,850000,4,
112,970000,0,
115,200000,8,
117,670000,0,
117,780000,4,
120,410000,0,
120,790000,8,
121,400000,0,
123,970000,8,
124,260000,0,
124,410000,4,
0,0,-1
