egypt10
0,90000,8,
1,700000,9,
1,800000,1,
4,490000,0,
4,550000,8,
4,620000,0,
5,810000,32,
5,910000,0,
7,110000,4,
7,540000,0,
8,970000,4,
9,770000,12,
9,830000,8,
10,930000,0,
11,360000,32,
11,510000,0,
12,540000,4,
12,800000,8,
13,170000,0,
13,660000,32,
13,800000,0,
13,960000,4,
15,720000,0,
16,220000,4,
16,470000,8,
16,730000,40,
16,770000,32,
16,900000,0,
17,270000,8,
17,430000,0,
17,700000,8,
17,830000,0,
18,0,8,
18,60000,0,
18,280000,8,
18,310000,0,
18,880000,4,
20,220000,8,
20,350000,0,
0,0,-1
