ljungl8
1,780000,4,
3,60000,0,
5,780000,8,
7,980000,0,
8,900000,4,
9,390000,0,
9,780000,16,
12,710000,0,
14,20000,8,
14,410000,0,
15,440000,4,
16,320000,0,
18,490000,4,
19,600000,0,
20,230000,1,
21,360000,0,
22,60000,8,
23,320000,0,
23,620000,16,
26,670000,0,
28,410000,8,
29,660000,0,
30,900000,2,
30,920000,6,
34,690000,2,
35,430000,0,
35,750000,8,
35,850000,0,
37,30000,4,
38,240000,0,
40,360000,4,
40,740000,0,
41,470000,4,
42,50000,0,
46,970000,8,
48,740000,0,
49,120000,4,
49,360000,0,
49,590000,4,
49,840000,0,
50,140000,4,
50,320000,0,
50,700000,4,
50,880000,0,
51,150000,4,
51,460000,0,
51,660000,4,
51,930000,0,
52,90000,4,
52,240000,0,
52,430000,4,
52,820000,0,
52,870000,8,
53,20000,0,
53,220000,8,
53,520000,0,
53,650000,8,
54,50000,0,
54,190000,8,
54,780000,0,
54,910000,1,
56,310000,0,
56,480000,4,
57,320000,0,
57,800000,8,
58,420000,9,
59,230000,8,
0,0,-1
