cave5
1,10000,8,
1,720000,9,
2,0,1,
2,700000,0,
2,710000,8,
4,130000,0,
4,540000,1,
5,740000,0,
5,790000,4,
8,580000,0,
8,940000,4,
9,0,0,
9,270000,8,
9,320000,0,
9,440000,16,
12,570000,0,
12,800000,4,
12,920000,0,
15,590000,4,
17,20000,0,
17,90000,8,
17,350000,0,
17,370000,16,
18,450000,0,
18,860000,4,
19,640000,0,
21,600000,8,
22,500000,0,
22,600000,4,
23,380000,0,
23,410000,2,
25,90000,8,
28,190000,0,
28,310000,1,
28,990000,0,
29,230000,2,
29,880000,0,
30,110000,4,
33,200000,0,
33,230000,1,
34,750000,0,
34,980000,2,
35,710000,0,
35,740000,8,
37,200000,0,
37,330000,4,
37,830000,0,
37,860000,16,
40,700000,20,
40,730000,4,
41,200000,0,
0,0,-1
