demo32
0,30000,4,
0,540000,0,
0,660000,8,
0,740000,0,
0,840000,16,
3,750000,1,
4,740000,0,
4,920000,8,
4,990000,0,
5,60000,16,
8,30000,0,
8,320000,8,
8,840000,0,
9,820000,8,
10,140000,0,
10,600000,2,
11,690000,0,
11,930000,4,
11,990000,0,
12,160000,16,
15,80000,0,
15,110000,1,
15,830000,0,
15,930000,4,
16,520000,0,
16,810000,8,
16,970000,0,
17,240000,16,
20,310000,0,
20,360000,1,
22,70000,8,
22,270000,0,
22,320000,16,
25,300000,24,
25,340000,8,
30,860000,0,
31,190000,8,
31,860000,0,
36,310000,4,
39,440000,0,
41,620000,8,
43,940000,0,
44,540000,8,
44,590000,0,
45,0,8,
45,30000,0,
45,400000,8,
45,470000,0,
45,810000,16,
46,890000,0,
47,940000,4,
48,650000,1,
49,370000,9,
49,430000,8,
50,360000,9,
50,430000,1,
51,380000,8,
51,970000,0,
54,430000,8,
55,850000,0,
56,210000,4,
56,500000,0,
56,830000,4,
57,50000,0,
57,450000,4,
57,580000,0,
58,60000,4,
58,210000,0,
58,680000,4,
58,840000,0,
59,310000,4,
59,460000,0,
59,820000,4,
59,950000,0,
60,320000,4,
62,770000,0,
63,10000,16,
65,30000,0,
0,0,-1
