egypt5
0,120000,4,
0,360000,0,
0,580000,16,
3,400000,0,
3,440000,8,
3,630000,0,
3,650000,16,
6,620000,0,
7,400000,8,
7,620000,0,
8,300000,4,
8,380000,0,
10,490000,4,
10,820000,20,
10,850000,16,
14,10000,4,
15,370000,0,
15,800000,4,
17,380000,1,
18,300000,0,
18,340000,8,
19,480000,1,
20,640000,0,
21,130000,8,
21,470000,0,
21,540000,16,
24,530000,0,
26,970000,8,
27,570000,0,
28,510000,8,
29,760000,0,
29,790000,1,
30,720000,4,
32,190000,16,
35,360000,0,
35,380000,8,
37,160000,0,
38,240000,4,
42,0,0,
42,390000,8,
42,550000,0,
42,680000,1,
43,550000,0,
43,580000,8,
44,580000,9,
44,610000,1,
45,610000,0,
45,640000,8,
48,230000,0,
49,520000,8,
49,840000,0,
49,900000,2,
51,270000,4,
54,240000,0,
54,680000,4,
55,380000,0,
55,410000,1,
57,440000,8,
57,900000,0,
58,140000,4,
58,720000,0,
59,380000,8,
60,580000,9,
60,620000,1,
61,600000,8,
61,920000,0,
62,0,8,
62,550000,0,
62,600000,4,
62,800000,0,
63,50000,16,
65,10000,24,
65,70000,8,
66,180000,0,
66,220000,16,
66,600000,0,
66,630000,4,
67,280000,0,
67,430000,8,
67,690000,0,
68,660000,4,
69,260000,0,
0,0,-1
