egypt5
1,130000,8,
1,180000,0,
1,380000,16,
3,90000,0,
3,160000,4,
4,380000,0,
5,0,16,
8,500000,0,
9,80000,16,
12,180000,0,
13,210000,8,
13,280000,9,
14,470000,8,
14,510000,0,
14,860000,1,
15,690000,0,
16,20000,8,
16,50000,0,
16,480000,16,
19,670000,0,
19,870000,2,
20,930000,0,
21,150000,8,
21,180000,0,
21,360000,16,
24,450000,0,
25,340000,1,
26,410000,0,
26,620000,8,
26,690000,0,
26,900000,16,
30,360000,0,
32,750000,8,
33,280000,0,
33,410000,4,
33,680000,0,
33,870000,16,
36,910000,24,
36,940000,8,
37,860000,1,
38,920000,4,
40,150000,0,
40,210000,8,
40,510000,0,
40,810000,4,
41,910000,0,
43,620000,4,
44,10000,0,
44,610000,8,
47,320000,9,
47,370000,1,
48,220000,8,
48,350000,16,
51,420000,8,
52,150000,0,
0,0,-1
