demo00
3,640000,4,
6,650000,0,
7,610000,8,
7,680000,0,
8,260000,16,
11,280000,0,
12,920000,4,
12,940000,6,
13,410000,2,
14,700000,0,
15,50000,8,
15,120000,0,
15,560000,16,
18,580000,0,
19,450000,1,
19,780000,9,
20,130000,8,
20,180000,0,
20,870000,8,
21,60000,0,
21,650000,16,
24,690000,0,
24,990000,5,
25,420000,1,
26,300000,0,
26,980000,8,
27,330000,0,
27,560000,16,
30,660000,0,
31,960000,16,
34,930000,0,
46,460000,16,
49,640000,0,
50,500000,4,
52,670000,0,
53,400000,8,
54,780000,0,
55,360000,16,
56,700000,0,
57,550000,4,
58,540000,0,
58,790000,8,
59,310000,0,
59,560000,16,
62,460000,0,
75,310000,16,
78,330000,0,
78,400000,8,
82,10000,0,
82,640000,4,
86,970000,0,
87,190000,8,
88,920000,0,
0,0,-1
