cave9
0,190000,16,
1,670000,0,
1,690000,8,
2,0,0,
2,20000,16,
5,20000,0,
5,40000,8,
5,350000,0,
6,860000,8,
7,60000,0,
7,430000,4,
7,640000,0,
8,10000,16,
11,200000,0,
11,460000,4,
11,880000,0,
12,770000,4,
12,940000,0,
13,220000,8,
13,340000,0,
13,690000,16,
16,760000,0,
16,810000,8,
17,220000,0,
17,740000,8,
18,130000,0,
18,560000,4,
18,650000,0,
18,930000,8,
19,130000,0,
19,300000,4,
19,440000,0,
19,630000,16,
22,680000,24,
22,700000,8,
29,400000,24,
29,450000,16,
32,400000,20,
32,420000,4,
32,570000,0,
32,590000,16,
34,180000,0,
34,310000,8,
34,910000,0,
35,80000,4,
35,330000,0,
35,610000,16,
38,660000,0,
42,360000,16,
45,620000,0,
45,980000,16,
49,100000,0,
49,200000,4,
49,390000,0,
51,690000,8,
52,120000,0,
52,570000,8,
52,650000,0,
53,20000,16,
54,430000,0,
54,990000,64,
56,100000,0,
56,440000,8,
56,520000,0,
56,730000,16,
57,850000,0,
59,20000,64,
60,170000,0,
64,550000,8,
71,0,0,
71,20000,16,
74,310000,0,
74,420000,8,
75,20000,0,
75,70000,4,
75,370000,0,
75,470000,16,
78,490000,0,
79,90000,16,
79,720000,0,
80,80000,16,
83,630000,0,
92,160000,4,
93,140000,0,
0,0,-1
