jungle2
1,420000,8,
2,40000,0,
3,710000,4,
7,510000,0,
7,860000,2,
9,260000,0,
11,130000,8,
12,360000,0,
12,640000,16,
14,980000,0,
15,590000,4,
16,460000,0,
17,190000,8,
17,490000,0,
18,460000,16,
21,570000,0,
23,330000,4,
23,920000,0,
24,370000,2,
25,120000,0,
25,550000,8,
26,130000,0,
26,680000,16,
29,680000,0,
30,230000,4,
30,800000,0,
31,460000,4,
31,530000,0,
32,260000,2,
33,320000,0,
33,500000,8,
35,30000,0,
36,800000,8,
38,530000,9,
38,880000,1,
39,340000,5,
43,810000,4,
43,820000,0,
44,170000,16,
47,210000,0,
49,480000,4,
50,290000,0,
50,560000,2,
51,270000,0,
51,470000,8,
51,870000,0,
52,170000,4,
52,620000,0,
52,900000,2,
53,660000,0,
53,880000,8,
56,780000,9,
58,360000,1,
58,380000,0,
58,940000,4,
61,480000,0,
61,840000,16,
64,320000,0,
64,600000,8,
65,380000,0,
68,30000,4,
68,250000,0,
68,730000,16,
71,720000,0,
71,900000,8,
72,980000,0,
74,670000,4,
74,740000,0,
81,330000,4,
82,600000,0,
82,890000,16,
86,470000,0,
89,410000,4,
91,120000,0,
91,330000,2,
92,210000,0,
92,250000,8,
94,740000,0,
0,0,-1
