egypt5
0,0,0,
2,450000,4,
5,950000,0,
6,180000,1,
7,210000,9,
8,990000,8,
9,470000,0,
9,530000,16,
12,490000,0,
13,170000,8,
13,270000,0,
13,680000,4,
13,780000,0,
14,400000,16,
17,400000,0,
19,920000,16,
23,30000,0,
23,160000,8,
23,260000,0,
23,660000,16,
24,920000,0,
25,90000,4,
25,320000,0,
25,630000,8,
25,700000,0,
25,960000,16,
29,150000,0,
29,980000,8,
31,90000,0,
31,410000,4,
32,450000,0,
33,320000,16,
36,420000,0,
38,740000,4,
39,190000,0,
40,70000,4,
41,610000,0,
41,680000,1,
42,740000,0,
42,770000,8,
43,850000,0,
43,920000,1,
44,820000,0,
44,880000,8,
45,210000,0,
45,250000,16,
0,0,-1
