water2
0,410000,8,
0,910000,0,
1,100000,4,
1,170000,0,
1,390000,16,
4,370000,0,
4,440000,2,
5,420000,0,
5,540000,4,
5,670000,0,
5,900000,16,
8,870000,0,
9,70000,1,
10,220000,0,
10,270000,4,
10,680000,0,
11,260000,16,
14,350000,0,
16,190000,2,
17,50000,0,
17,420000,4,
17,480000,0,
19,540000,8,
19,640000,0,
21,230000,8,
21,820000,0,
23,60000,4,
23,190000,0,
23,260000,16,
25,850000,0,
25,900000,8,
26,380000,0,
26,400000,16,
29,400000,0,
29,520000,8,
30,230000,0,
30,710000,8,
31,80000,0,
31,270000,4,
31,440000,0,
32,160000,4,
32,220000,0,
32,390000,16,
35,420000,0,
35,520000,8,
36,210000,0,
36,500000,1,
37,670000,0,
37,980000,4,
38,50000,0,
43,10000,4,
43,460000,0,
45,110000,16,
48,140000,0,
48,600000,16,
51,490000,0,
52,100000,8,
52,680000,0,
53,10000,2,
54,590000,0,
54,710000,4,
57,680000,0,
58,60000,8,
58,170000,0,
59,720000,16,
59,900000,0,
60,250000,8,
60,760000,0,
60,860000,16,
64,0,0,
69,740000,16,
72,760000,0,
72,850000,4,
73,460000,0,
73,730000,16,
76,750000,0,
76,780000,4,
77,190000,0,
77,920000,4,
78,370000,0,
78,520000,8,
78,850000,0,
79,20000,16,
82,90000,0,
82,140000,8,
82,400000,0,
83,470000,4,
83,800000,0,
87,280000,8,
87,670000,0,
88,860000,8,
89,990000,0,
90,190000,4,
90,790000,0,
90,900000,8,
91,330000,0,
91,500000,4,
92,810000,0,
93,610000,4,
93,910000,0,
95,350000,4,
95,810000,0,
96,180000,8,
96,340000,0,
96,790000,8,
96,890000,0,
97,270000,8,
97,520000,0,
99,100000,8,
99,210000,0,
99,510000,4,
99,610000,0,
99,880000,8,
99,930000,0,
100,540000,4,
100,990000,0,
0,0,-1
