demo04
0,330000,4,
0,510000,0,
0,680000,16,
3,600000,0,
3,980000,8,
4,890000,0,
5,280000,16,
8,160000,0,
8,310000,4,
8,840000,0,
9,320000,16,
12,260000,0,
12,440000,8,
12,540000,0,
12,930000,16,
15,980000,0,
18,830000,4,
19,250000,0,
21,410000,8,
22,420000,0,
22,820000,8,
22,870000,0,
23,150000,2,
24,790000,0,
24,990000,4,
27,880000,5,
27,990000,1,
29,570000,0,
29,620000,8,
30,120000,0,
30,140000,1,
31,10000,0,
31,30000,4,
31,510000,12,
31,530000,8,
32,490000,0,
33,20000,4,
33,770000,36,
33,790000,32,
33,950000,0,
36,890000,8,
39,880000,0,
39,940000,4,
40,590000,0,
40,620000,32,
40,810000,0,
41,440000,4,
41,540000,0,
41,620000,8,
42,0,1,
42,930000,0,
43,740000,4,
44,540000,0,
44,960000,4,
48,10000,0,
48,20000,8,
48,590000,0,
48,610000,1,
49,420000,0,
49,450000,4,
50,180000,0,
50,310000,8,
51,480000,0,
52,260000,8,
52,800000,9,
52,820000,1,
53,520000,9,
53,550000,8,
54,230000,0,
54,250000,4,
54,450000,0,
54,480000,32,
54,680000,0,
55,340000,4,
55,710000,0,
55,860000,2,
56,40000,6,
56,70000,2,
56,320000,0,
56,840000,1,
57,250000,0,
57,600000,8,
57,970000,0,
58,110000,4,
58,450000,0,
58,580000,8,
59,110000,0,
59,460000,8,
59,510000,0,
59,660000,4,
60,250000,2,
60,970000,10,
61,0,8,
62,300000,12,
62,310000,4,
63,340000,32,
63,570000,0,
65,80000,8,
66,890000,9,
66,960000,1,
67,570000,0,
67,770000,2,
68,270000,6,
68,300000,4,
68,700000,0,
68,770000,2,
69,570000,0,
69,730000,1,
70,460000,9,
70,480000,8,
70,860000,9,
70,890000,1,
71,660000,5,
71,670000,4,
71,990000,0,
72,0,8,
72,930000,12,
72,950000,4,
73,550000,0,
73,760000,4,
73,880000,0,
75,90000,4,
75,620000,0,
76,0,4,
79,240000,0,
79,440000,8,
80,600000,0,
82,690000,4,
83,390000,0,
83,590000,8,
83,820000,0,
84,290000,8,
84,350000,0,
84,580000,1,
85,510000,0,
85,580000,8,
85,680000,0,
86,330000,8,
86,830000,0,
87,570000,8,
87,940000,0,
88,0,4,
88,350000,0,
88,370000,32,
88,620000,0,
91,540000,8,
93,940000,9,
93,960000,1,
94,810000,0,
94,820000,8,
95,470000,0,
95,500000,4,
96,30000,0,
96,120000,2,
96,880000,0,
96,950000,4,
99,700000,0,
100,460000,1,
101,480000,0,
102,140000,8,
102,190000,0,
113,390000,8,
113,840000,0,
114,520000,4,
115,180000,5,
115,400000,1,
116,80000,0,
0,0,-1
