cave5
2,120000,8,
3,460000,0,
4,890000,8,
5,320000,0,
5,520000,4,
5,670000,0,
5,920000,16,
8,860000,0,
8,890000,4,
11,310000,0,
11,500000,8,
12,190000,0,
12,410000,4,
15,490000,0,
15,760000,1,
17,320000,0,
17,370000,8,
18,950000,0,
19,10000,1,
19,780000,0,
19,810000,8,
22,830000,0,
23,240000,4,
23,790000,0,
24,70000,16,
27,30000,0,
27,110000,4,
27,360000,0,
28,90000,8,
28,820000,0,
29,40000,4,
29,140000,0,
29,550000,16,
32,490000,0,
32,520000,4,
32,760000,0,
34,30000,4,
37,650000,0,
37,680000,1,
39,80000,9,
39,90000,8,
42,150000,0,
42,200000,1,
43,10000,9,
44,600000,8,
44,640000,0,
45,50000,8,
45,220000,0,
45,450000,4,
45,600000,0,
45,780000,16,
48,20000,0,
48,850000,8,
49,400000,0,
49,780000,2,
50,540000,0,
50,860000,4,
51,270000,0,
52,520000,4,
52,700000,0,
52,820000,16,
55,990000,0,
56,120000,16,
59,90000,0,
59,750000,16,
62,890000,0,
63,260000,8,
63,340000,0,
63,640000,16,
66,260000,0,
66,910000,4,
67,10000,0,
67,450000,16,
70,440000,0,
70,590000,4,
70,910000,0,
72,250000,8,
73,560000,0,
73,610000,4,
78,940000,0,
79,150000,8,
79,420000,0,
79,720000,8,
79,800000,0,
80,70000,1,
81,540000,0,
81,720000,8,
82,920000,9,
84,680000,8,
86,690000,0,
86,840000,16,
89,890000,0,
90,20000,8,
90,490000,0,
90,700000,4,
90,950000,0,
91,330000,16,
94,300000,0,
95,150000,8,
95,170000,9,
96,830000,1,
96,840000,0,
100,460000,4,
101,910000,5,
102,670000,1,
104,490000,0,
104,640000,8,
105,410000,0,
105,640000,16,
108,710000,0,
110,270000,8,
111,630000,0,
112,740000,4,
115,860000,0,
116,40000,8,
116,960000,0,
117,140000,4,
118,620000,0,
0,0,-1
