demo00x
0,190000,4,
0,920000,0,
1,210000,1,
2,40000,0,
2,140000,4,
2,300000,0,
2,370000,32,
2,600000,0,
3,760000,4,
5,490000,0,
5,620000,8,
7,180000,0,
8,190000,8,
8,360000,0,
9,240000,2,
9,950000,0,
10,520000,4,
12,540000,0,
12,810000,1,
13,750000,0,
13,920000,8,
14,320000,0,
14,480000,4,
15,20000,0,
15,100000,2,
15,760000,0,
15,890000,8,
16,30000,0,
16,260000,32,
16,420000,0,
17,60000,8,
19,60000,0,
19,130000,32,
19,400000,0,
19,660000,8,
20,40000,0,
20,240000,32,
20,540000,0,
21,140000,8,
21,350000,32,
21,550000,0,
21,930000,8,
22,170000,0,
22,270000,4,
22,470000,32,
22,680000,0,
23,280000,8,
23,440000,0,
23,630000,4,
24,440000,0,
24,510000,32,
24,710000,0,
24,900000,4,
25,290000,0,
25,580000,4,
26,530000,1,
27,480000,5,
27,540000,4,
28,160000,0,
28,490000,4,
28,760000,0,
28,890000,8,
30,800000,0,
30,900000,4,
32,650000,0,
32,890000,8,
32,950000,0,
33,170000,8,
33,220000,0,
33,320000,16,
33,420000,0,
34,610000,16,
37,570000,8,
40,770000,0,
40,820000,32,
41,100000,0,
41,520000,8,
43,140000,40,
43,290000,32,
43,760000,0,
44,10000,8,
44,650000,0,
44,700000,4,
45,420000,8,
46,130000,1,
46,880000,5,
46,910000,4,
47,360000,0,
47,760000,8,
48,290000,2,
49,40000,4,
50,750000,2,
53,300000,6,
53,350000,4,
56,490000,1,
59,80000,9,
59,130000,8,
59,910000,9,
60,40000,1,
60,820000,9,
60,850000,8,
61,330000,0,
61,780000,8,
62,790000,0,
63,460000,32,
63,750000,0,
64,0,8,
65,250000,4,
66,30000,0,
66,90000,32,
66,340000,0,
66,630000,4,
67,260000,0,
67,290000,8,
68,130000,0,
68,230000,4,
68,330000,0,
68,400000,16,
68,520000,0,
68,930000,8,
69,380000,0,
69,940000,8,
70,210000,0,
70,280000,4,
71,40000,0,
71,70000,8,
71,200000,0,
71,400000,8,
71,440000,0,
71,950000,32,
72,220000,0,
72,760000,8,
73,350000,0,
73,450000,4,
73,850000,1,
74,910000,8,
75,340000,0,
75,540000,4,
76,560000,0,
77,730000,8,
78,370000,0,
78,620000,4,
78,950000,0,
79,220000,8,
80,610000,0,
80,680000,4,
81,160000,0,
81,530000,2,
82,360000,0,
82,460000,4,
85,690000,0,
85,760000,8,
86,90000,0,
86,220000,32,
86,420000,0,
86,950000,8,
87,580000,0,
87,900000,1,
88,730000,0,
88,760000,4,
89,620000,12,
89,640000,8,
90,880000,0,
91,50000,4,
91,610000,0,
91,780000,8,
91,880000,0,
92,450000,16,
92,530000,0,
93,710000,4,
93,850000,0,
94,170000,1,
95,80000,0,
95,580000,2,
96,830000,0,
97,120000,8,
97,260000,0,
97,620000,8,
97,670000,0,
97,820000,16,
97,900000,0,
98,220000,4,
98,340000,0,
98,580000,4,
98,650000,0,
99,170000,2,
99,850000,0,
100,200000,8,
100,260000,0,
100,580000,8,
100,630000,0,
100,970000,16,
101,40000,0,
101,420000,2,
102,170000,0,
102,480000,8,
102,580000,0,
103,20000,16,
103,120000,0,
103,830000,16,
104,830000,0,
104,970000,4,
105,970000,0,
106,350000,2,
107,360000,0,
107,600000,8,
108,410000,0,
111,460000,8,
112,480000,0,
112,920000,8,
113,110000,0,
113,270000,8,
113,350000,0,
113,460000,8,
113,520000,0,
113,640000,4,
113,750000,0,
113,870000,4,
113,950000,0,
114,50000,4,
114,130000,0,
114,250000,4,
114,350000,0,
114,450000,4,
114,550000,0,
114,650000,4,
114,750000,0,
114,850000,4,
114,950000,0,
115,50000,4,
115,150000,0,
115,230000,4,
115,310000,0,
115,410000,4,
115,860000,0,
115,940000,1,
116,690000,0,
116,770000,8,
116,890000,0,
117,160000,16,
119,310000,0,
119,410000,1,
121,930000,0,
123,880000,4,
124,660000,0,
124,870000,2,
126,310000,0,
126,430000,8,
128,850000,0,
129,70000,16,
132,70000,0,
133,920000,4,
134,120000,0,
134,350000,2,
135,630000,0,
135,640000,4,
136,240000,0,
136,270000,8,
137,330000,0,
137,880000,8,
140,160000,0,
140,260000,4,
0,0,-1
