water6
0,150000,8,
0,460000,16,
1,480000,0,
1,640000,4,
1,790000,0,
1,860000,16,
4,940000,0,
6,220000,16,
9,330000,4,
10,110000,6,
10,170000,2,
10,740000,10,
10,800000,8,
12,280000,0,
12,410000,4,
12,500000,0,
12,590000,16,
14,490000,0,
14,580000,8,
15,220000,0,
15,410000,4,
15,680000,0,
15,830000,16,
18,800000,0,
32,210000,16,
35,350000,0,
38,770000,8,
40,510000,0,
43,50000,8,
43,160000,0,
45,590000,4,
45,880000,0,
48,10000,4,
48,800000,0,
49,970000,4,
52,540000,0,
52,670000,4,
52,890000,0,
53,470000,8,
54,430000,0,
54,800000,4,
55,290000,0,
57,20000,8,
57,130000,0,
57,420000,8,
59,690000,0,
60,100000,8,
60,170000,0,
60,570000,4,
60,790000,0,
62,400000,8,
62,480000,0,
62,740000,4,
62,830000,0,
63,590000,8,
63,970000,0,
64,0,1,
64,850000,4,
67,770000,0,
68,820000,8,
69,700000,24,
69,710000,16,
72,520000,0,
72,600000,4,
73,100000,0,
73,250000,8,
73,400000,0,
73,550000,16,
76,570000,0,
81,500000,4,
82,190000,0,
83,90000,8,
87,670000,0,
88,20000,4,
88,180000,0,
89,700000,8,
89,760000,0,
90,60000,4,
90,160000,0,
90,790000,1,
92,120000,4,
95,110000,0,
96,150000,8,
97,60000,16,
100,170000,8,
100,680000,0,
100,780000,16,
103,820000,0,
114,440000,8,
114,610000,0,
115,780000,8,
116,810000,0,
117,80000,8,
119,830000,0,
120,410000,4,
120,490000,0,
122,170000,8,
122,220000,0,
122,520000,4,
122,670000,0,
125,410000,1,
125,440000,9,
125,970000,1,
126,540000,0,
126,720000,4,
129,310000,0,
138,910000,4,
139,300000,0,
140,330000,8,
141,550000,0,
141,570000,16,
145,10000,0,
145,940000,4,
147,100000,0,
147,990000,8,
152,570000,0,
152,920000,4,
153,40000,0,
0,0,-1
