demo30x
0,230000,8,
0,760000,0,
1,190000,4,
1,240000,0,
1,460000,16,
4,430000,0,
4,560000,4,
4,990000,0,
5,920000,8,
6,370000,0,
6,850000,4,
6,920000,0,
7,180000,16,
10,150000,0,
12,480000,4,
12,780000,0,
13,970000,8,
14,200000,0,
15,630000,8,
15,960000,0,
16,780000,4,
16,970000,0,
17,290000,8,
17,490000,0,
17,650000,4,
19,250000,0,
19,450000,1,
20,410000,8,
21,970000,0,
22,670000,8,
23,530000,0,
23,730000,8,
23,860000,0,
24,30000,4,
24,630000,0,
25,70000,2,
25,970000,0,
26,230000,1,
27,840000,4,
28,480000,0,
29,110000,4,
29,370000,0,
29,600000,16,
32,620000,0,
32,860000,4,
33,840000,0,
33,870000,2,
34,800000,0,
34,850000,8,
35,210000,0,
36,60000,8,
36,230000,0,
37,40000,4,
37,590000,0,
38,320000,1,
38,380000,0,
38,620000,1,
40,240000,0,
40,280000,8,
41,240000,1,
42,370000,4,
42,860000,0,
43,680000,8,
44,290000,0,
44,540000,4,
46,100000,0,
46,960000,4,
47,330000,0,
48,540000,8,
50,300000,0,
51,10000,4,
52,900000,8,
55,280000,0,
55,640000,8,
58,260000,0,
58,500000,8,
58,830000,0,
58,910000,4,
59,380000,0,
61,570000,4,
62,960000,0,
64,450000,1,
66,10000,0,
67,210000,4,
67,920000,0,
68,20000,8,
68,630000,0,
68,770000,4,
69,460000,0,
70,30000,1,
70,990000,0,
71,60000,8,
71,740000,0,
71,870000,4,
72,0,0,
73,20000,32,
73,180000,0,
74,490000,4,
74,530000,0,
76,370000,8,
76,880000,1,
77,550000,5,
77,580000,4,
78,510000,0,
78,540000,8,
79,370000,10,
79,440000,2,
80,300000,6,
80,370000,4,
80,880000,0,
86,710000,32,
86,910000,0,
90,760000,8,
91,260000,0,
91,350000,4,
91,550000,0,
91,980000,32,
92,120000,0,
92,950000,4,
93,500000,0,
93,760000,4,
93,960000,0,
95,240000,32,
95,420000,0,
98,320000,2,
99,290000,4,
99,850000,0,
101,860000,8,
102,750000,0,
102,890000,16,
103,20000,0,
103,290000,8,
104,180000,0,
104,200000,4,
104,860000,6,
104,890000,2,
105,640000,10,
105,660000,8,
0,0,-1
