demo01x
0,240000,4,
1,470000,0,
2,220000,4,
3,230000,0,
3,330000,8,
3,410000,0,
3,560000,16,
4,510000,0,
5,70000,4,
5,690000,0,
7,80000,8,
7,460000,0,
7,580000,4,
8,390000,0,
8,670000,1,
9,400000,0,
9,540000,2,
10,200000,0,
10,300000,8,
11,380000,0,
11,490000,4,
12,40000,0,
12,60000,8,
12,810000,0,
13,190000,8,
14,120000,0,
14,180000,1,
14,880000,9,
14,910000,8,
15,830000,0,
16,160000,8,
17,420000,0,
17,490000,1,
18,220000,0,
18,280000,4,
18,350000,0,
18,550000,2,
19,210000,6,
19,240000,4,
21,140000,1,
22,0,4,
23,860000,0,
24,820000,8,
27,110000,0,
27,260000,4,
27,970000,0,
28,20000,8,
28,420000,0,
28,500000,4,
29,580000,0,
29,660000,8,
30,260000,0,
30,360000,4,
30,880000,0,
31,110000,8,
31,620000,0,
31,740000,4,
32,20000,0,
32,650000,16,
35,460000,20,
35,490000,4,
35,620000,0,
37,0,8,
37,400000,0,
37,600000,4,
38,890000,0,
38,960000,8,
40,190000,0,
40,320000,4,
41,810000,0,
42,330000,8,
43,510000,0,
43,570000,8,
43,720000,0,
43,900000,4,
44,250000,0,
44,430000,8,
46,610000,0,
46,770000,4,
47,160000,0,
47,440000,4,
47,950000,0,
48,470000,4,
48,730000,0,
48,880000,8,
49,460000,0,
49,760000,4,
50,90000,0,
50,640000,8,
51,110000,0,
51,420000,4,
51,940000,0,
52,880000,4,
53,150000,0,
53,360000,8,
54,60000,0,
54,540000,4,
54,760000,0,
54,910000,8,
55,250000,0,
55,570000,8,
55,920000,0,
56,200000,8,
56,650000,0,
56,830000,4,
57,280000,0,
57,810000,8,
58,140000,0,
58,420000,4,
58,910000,0,
59,220000,8,
59,490000,0,
59,820000,4,
60,150000,0,
60,400000,8,
61,940000,0,
62,240000,4,
63,300000,0,
63,420000,1,
63,600000,17,
63,730000,1,
64,430000,0,
65,130000,4,
66,90000,0,
66,610000,4,
68,170000,0,
68,300000,1,
68,430000,17,
68,530000,1,
69,230000,0,
69,390000,4,
70,30000,0,
70,360000,8,
70,620000,0,
70,920000,4,
71,90000,0,
71,450000,4,
71,500000,0,
71,770000,1,
72,680000,0,
73,10000,4,
73,340000,0,
74,260000,8,
74,920000,0,
75,530000,4,
76,200000,0,
76,330000,8,
79,630000,0,
80,280000,4,
81,670000,0,
82,10000,8,
82,200000,0,
82,500000,1,
83,680000,9,
83,700000,8,
84,880000,0,
85,30000,4,
85,130000,0,
85,190000,16,
87,50000,24,
87,100000,8,
87,430000,0,
87,500000,4,
87,950000,0,
87,960000,16,
88,930000,0,
89,520000,4,
89,970000,0,
90,520000,8,
91,200000,0,
91,410000,4,
91,500000,0,
91,730000,1,
91,780000,0,
91,960000,8,
92,110000,0,
92,190000,1,
93,60000,0,
0,0,-1
