cave3
0,630000,8,
0,700000,0,
0,930000,16,
4,150000,0,
6,470000,16,
9,630000,0,
10,910000,4,
12,370000,0,
12,500000,8,
12,930000,0,
13,60000,16,
16,220000,0,
17,790000,16,
21,10000,0,
21,140000,4,
25,380000,5,
26,110000,1,
27,100000,0,
27,480000,4,
27,580000,0,
27,880000,16,
30,890000,0,
30,950000,8,
35,630000,0,
35,850000,1,
35,880000,5,
36,680000,1,
37,320000,0,
37,760000,4,
37,840000,0,
38,570000,4,
38,820000,0,
39,50000,16,
42,120000,0,
42,290000,8,
45,160000,0,
47,130000,8,
47,800000,0,
48,820000,8,
50,800000,0,
53,940000,8,
54,370000,0,
55,380000,1,
57,70000,0,
57,270000,4,
57,340000,0,
57,500000,16,
60,510000,0,
63,510000,2,
64,230000,0,
64,570000,4,
64,660000,0,
64,920000,16,
67,840000,0,
67,870000,2,
68,940000,0,
69,140000,4,
69,220000,0,
69,500000,16,
72,410000,0,
72,440000,1,
74,80000,0,
74,260000,4,
74,350000,0,
74,840000,16,
77,950000,0,
79,720000,8,
81,90000,0,
81,720000,8,
82,470000,0,
82,960000,1,
82,980000,5,
83,710000,1,
85,20000,0,
85,120000,2,
86,860000,0,
87,90000,8,
87,320000,0,
87,960000,16,
88,870000,0,
89,860000,64,
90,980000,0,
91,270000,8,
91,340000,0,
91,570000,16,
92,570000,0,
92,750000,64,
93,780000,0,
94,50000,8,
94,110000,0,
94,410000,16,
94,840000,0,
95,240000,4,
96,20000,0,
97,750000,4,
97,960000,0,
98,260000,4,
98,410000,0,
98,680000,4,
98,840000,0,
99,60000,8,
99,290000,0,
99,500000,8,
99,770000,0,
99,920000,8,
100,300000,0,
100,470000,8,
100,970000,0,
101,210000,4,
101,510000,0,
101,780000,1,
102,860000,0,
102,990000,4,
103,190000,0,
103,520000,4,
103,600000,0,
103,770000,16,
106,720000,0,
106,740000,4,
106,990000,0,
107,060000,4,
107,160000,0,
107,260000,4,
107,360000,0,
107,460000,4,
107,560000,0,
107,660000,4,
107,760000,0,
0,0,-1
