demo02
1,320000,4,
2,90000,0,
2,440000,16,
5,540000,0,
8,990000,16,
11,980000,8,
16,480000,0,
16,570000,4,
17,200000,0,
17,550000,8,
18,330000,0,
18,580000,4,
18,960000,0,
19,380000,32,
19,540000,0,
20,740000,4,
24,160000,0,
24,440000,1,
25,140000,0,
25,250000,8,
27,410000,0,
27,560000,1,
28,410000,0,
28,570000,4,
29,240000,0,
30,70000,8,
32,170000,0,
32,770000,4,
36,40000,0,
37,920000,8,
38,610000,0,
38,680000,32,
38,810000,0,
39,710000,4,
41,80000,0,
41,470000,8,
44,220000,0,
44,820000,1,
45,980000,0,
46,690000,1,
46,790000,0,
46,960000,4,
0,0,-1
