demo31
0,0,0,
0,160000,16,
3,90000,0,
3,590000,4,
3,940000,0,
4,890000,4,
5,80000,0,
5,320000,8,
5,550000,0,
5,850000,16,
8,800000,0,
8,820000,4,
9,330000,5,
9,550000,1,
10,250000,8,
10,990000,16,
14,30000,4,
16,390000,0,
17,270000,4,
17,650000,0,
18,110000,8,
19,40000,0,
19,80000,16,
20,100000,0,
20,370000,4,
21,70000,0,
21,270000,8,
21,330000,0,
21,500000,16,
24,430000,0,
28,630000,16,
31,620000,0,
31,720000,8,
32,190000,0,
32,720000,8,
33,20000,0,
33,930000,8,
34,530000,0,
35,550000,8,
36,720000,0,
37,150000,4,
37,400000,0,
37,550000,1,
38,400000,0,
38,490000,8,
41,270000,0,
41,360000,4,
42,0,5,
42,380000,1,
42,880000,5,
42,930000,4,
45,250000,16,
48,470000,0,
48,520000,8,
50,190000,9,
50,710000,1,
51,490000,4,
54,710000,0,
54,960000,8,
56,470000,0,
56,570000,8,
58,310000,0,
58,590000,4,
0,0,-1
