cave5
0,380000,8,
0,440000,0,
0,790000,16,
4,230000,0,
5,800000,8,
6,30000,0,
6,850000,4,
7,530000,0,
7,730000,8,
7,830000,0,
7,990000,16,
10,960000,0,
11,10000,4,
13,490000,0,
13,600000,1,
14,710000,0,
14,730000,8,
15,880000,0,
16,470000,4,
18,200000,0,
19,530000,8,
19,880000,1,
20,590000,9,
20,620000,8,
21,430000,0,
22,170000,4,
23,10000,6,
23,60000,2,
23,660000,10,
23,700000,8,
25,300000,0,
25,570000,4,
25,720000,20,
25,730000,16,
27,380000,0,
27,560000,8,
28,290000,0,
28,590000,4,
28,840000,0,
29,100000,8,
29,780000,0,
29,820000,16,
32,770000,0,
32,870000,8,
33,570000,0,
33,670000,1,
35,210000,0,
35,330000,8,
36,340000,0,
36,540000,4,
36,790000,0,
37,120000,16,
40,50000,4,
40,370000,0,
41,250000,8,
41,850000,0,
42,50000,4,
42,230000,0,
42,450000,16,
45,400000,0,
45,470000,4,
45,670000,0,
47,540000,8,
48,20000,0,
48,270000,4,
48,440000,0,
48,820000,16,
51,890000,0,
52,200000,4,
52,650000,0,
53,50000,4,
54,10000,0,
54,30000,1,
54,820000,0,
54,870000,4,
55,460000,8,
56,20000,0,
56,40000,1,
57,480000,8,
57,900000,0,
57,910000,1,
59,90000,8,
59,640000,0,
59,690000,4,
59,800000,0,
59,870000,16,
60,930000,0,
61,180000,8,
61,840000,0,
62,130000,4,
62,260000,0,
62,360000,16,
65,330000,0,
65,360000,2,
66,330000,0,
66,590000,4,
66,670000,0,
66,740000,16,
67,900000,0,
69,180000,8,
69,810000,0,
71,350000,4,
76,70000,0,
76,330000,1,
77,930000,0,
78,80000,8,
79,700000,0,
79,920000,1,
82,390000,0,
82,620000,8,
82,710000,0,
83,40000,16,
85,540000,4,
86,110000,0,
0,0,-1
