demo12
0,440000,8,
1,520000,0,
1,530000,16,
4,470000,0,
4,950000,4,
5,370000,1,
6,330000,0,
7,290000,1,
7,690000,9,
7,710000,8,
8,970000,9,
9,20000,1,
9,730000,5,
9,750000,4,
11,10000,0,
11,90000,8,
11,160000,0,
11,260000,16,
14,210000,0,
15,340000,8,
15,960000,0,
17,100000,4,
17,520000,0,
17,680000,8,
17,780000,0,
17,880000,16,
20,840000,2,
22,260000,0,
22,280000,8,
22,360000,0,
22,410000,16,
25,320000,17,
25,330000,1,
26,30000,0,
26,80000,8,
26,180000,0,
26,400000,16,
29,320000,17,
29,330000,1,
30,790000,0,
30,810000,8,
30,990000,0,
31,90000,16,
34,190000,0,
35,240000,8,
36,240000,0,
36,590000,4,
40,500000,0,
41,850000,4,
43,190000,0,
43,500000,8,
43,550000,10,
44,600000,8,
48,220000,0,
48,430000,4,
49,580000,0,
50,120000,16,
51,90000,0,
51,590000,64,
52,600000,0,
52,910000,4,
52,960000,0,
53,690000,16,
54,590000,0,
56,480000,64,
57,610000,0,
57,860000,4,
59,470000,0,
59,740000,8,
62,260000,9,
62,600000,1,
63,100000,5,
63,500000,4,
63,850000,0,
63,920000,4,
64,580000,0,
64,780000,8,
65,480000,9,
65,910000,1,
67,800000,0,
68,0,4,
68,860000,0,
69,230000,16,
72,160000,0,
81,10000,8,
81,520000,0,
81,950000,16,
84,940000,0,
90,40000,8,
90,530000,0,
90,800000,4,
93,520000,6,
93,620000,2,
94,370000,8,
94,520000,0,
95,230000,16,
98,220000,4,
98,330000,5,
98,370000,1,
99,150000,0,
99,160000,8,
99,300000,0,
99,580000,8,
99,630000,0,
99,860000,16,
102,800000,0,
104,940000,4,
107,30000,0,
108,590000,8,
108,860000,0,
110,70000,8,
113,540000,9,
113,570000,1,
114,180000,5,
114,220000,4,
114,800000,5,
114,810000,1,
116,90000,5,
116,120000,4,
116,420000,0,
116,740000,4,
116,800000,0,
123,560000,8,
123,870000,10,
123,920000,2,
124,570000,0,
124,970000,4,
125,190000,0,
125,400000,4,
125,500000,0,
125,980000,4,
126,30000,0,
129,330000,8,
129,750000,0,
130,270000,2,
130,860000,6,
130,880000,4,
131,310000,0,
132,10000,4,
132,90000,0,
0,0,-1
